2021-03-27 13:33:20
number electron, protons, and QD radius (Bohr), orbital angular momentum (l):1110n = 20
Printing data  2021-03-27 13:33:20
xvals
-5.387480890011233   -4.603682449550744   -3.9447640401156248   -3.3478545673832163   -2.7888060584281305   -2.2549740020892752   -1.7385377121165861   -1.2340762153953229   -0.7374737285453944   -0.2453407083009012   0.2453407083009012   0.7374737285453944   1.2340762153953229   1.7385377121165861   2.2549740020892752   2.7888060584281305   3.3478545673832163   3.9447640401156248   4.603682449550744   5.387480890011233
wVals
2.229393645534103e-13   4.399340992273072e-10   1.0860693707692404e-07   7.802556478532028e-06   0.00022833863601635422   0.0032437733422378237   0.024810520887463567   0.10901720602002325   0.2866755053628341   0.4622436696006102   0.4622436696006102   0.2866755053628341   0.10901720602002325   0.024810520887463567   0.0032437733422378237   0.00022833863601635422   7.802556478532028e-06   1.0860693707692404e-07   4.399340992273072e-10   2.229393645534103e-13

2021-03-27 13:33:20
potentialDVR
14.512475170118112  0.0  0.0  0.0  0.0  0.0  0.0  0.0  0.0  0.0  0.0  0.0  0.0  0.0  0.0  0.0  0.0  0.0  0.0  0.0
0.0  10.59694604815077  0.0  0.0  0.0  0.0  0.0  0.0  0.0  0.0  0.0  0.0  0.0  0.0  0.0  0.0  0.0  0.0  0.0  0.0
0.0  0.0  7.780581666094673  0.0  0.0  0.0  0.0  0.0  0.0  0.0  0.0  0.0  0.0  0.0  0.0  0.0  0.0  0.0  0.0  0.0
0.0  0.0  0.0  5.6040651021743315  0.0  0.0  0.0  0.0  0.0  0.0  0.0  0.0  0.0  0.0  0.0  0.0  0.0  0.0  0.0  0.0
0.0  0.0  0.0  0.0  3.8887196157627226  0.0  0.0  0.0  0.0  0.0  0.0  0.0  0.0  0.0  0.0  0.0  0.0  0.0  0.0  0.0
0.0  0.0  0.0  0.0  0.0  2.542453875049261  0.0  0.0  0.0  0.0  0.0  0.0  0.0  0.0  0.0  0.0  0.0  0.0  0.0  0.0
0.0  0.0  0.0  0.0  0.0  0.0  1.511256688225787  0.0  0.0  0.0  0.0  0.0  0.0  0.0  0.0  0.0  0.0  0.0  0.0  0.0
0.0  0.0  0.0  0.0  0.0  0.0  0.0  0.7614720527022216  0.0  0.0  0.0  0.0  0.0  0.0  0.0  0.0  0.0  0.0  0.0  0.0
0.0  0.0  0.0  0.0  0.0  0.0  0.0  0.0  0.271933750147323  0.0  0.0  0.0  0.0  0.0  0.0  0.0  0.0  0.0  0.0  0.0
0.0  0.0  0.0  0.0  0.0  0.0  0.0  0.0  0.0  0.030096031574793947  0.0  0.0  0.0  0.0  0.0  0.0  0.0  0.0  0.0  0.0
0.0  0.0  0.0  0.0  0.0  0.0  0.0  0.0  0.0  0.0  0.030096031574793947  0.0  0.0  0.0  0.0  0.0  0.0  0.0  0.0  0.0
0.0  0.0  0.0  0.0  0.0  0.0  0.0  0.0  0.0  0.0  0.0  0.271933750147323  0.0  0.0  0.0  0.0  0.0  0.0  0.0  0.0
0.0  0.0  0.0  0.0  0.0  0.0  0.0  0.0  0.0  0.0  0.0  0.0  0.7614720527022216  0.0  0.0  0.0  0.0  0.0  0.0  0.0
0.0  0.0  0.0  0.0  0.0  0.0  0.0  0.0  0.0  0.0  0.0  0.0  0.0  1.511256688225787  0.0  0.0  0.0  0.0  0.0  0.0
0.0  0.0  0.0  0.0  0.0  0.0  0.0  0.0  0.0  0.0  0.0  0.0  0.0  0.0  2.542453875049261  0.0  0.0  0.0  0.0  0.0
0.0  0.0  0.0  0.0  0.0  0.0  0.0  0.0  0.0  0.0  0.0  0.0  0.0  0.0  0.0  3.8887196157627226  0.0  0.0  0.0  0.0
0.0  0.0  0.0  0.0  0.0  0.0  0.0  0.0  0.0  0.0  0.0  0.0  0.0  0.0  0.0  0.0  5.6040651021743315  0.0  0.0  0.0
0.0  0.0  0.0  0.0  0.0  0.0  0.0  0.0  0.0  0.0  0.0  0.0  0.0  0.0  0.0  0.0  0.0  7.780581666094673  0.0  0.0
0.0  0.0  0.0  0.0  0.0  0.0  0.0  0.0  0.0  0.0  0.0  0.0  0.0  0.0  0.0  0.0  0.0  0.0  10.59694604815077  0.0
0.0  0.0  0.0  0.0  0.0  0.0  0.0  0.0  0.0  0.0  0.0  0.0  0.0  0.0  0.0  0.0  0.0  0.0  0.0  14.512475170118112

2021-03-27 13:33:20

kineticDVR
1.745841609960629  -1.3777631404468156  0.23043848837387693  0.00961974936353277  -0.101920097607658  0.14809020434415657  -0.1748955277009899  0.1920315743977043  -0.20375202128307296  0.2121808140814616  -0.21848277247825842  0.22334404481878736  -0.22719239187922  0.23030726228824802  -0.23287879876343692  0.2350415101675155  -0.23689488534564335  0.23851773031816823  -0.23998230322552214  0.24138672083605828
-1.3777631404468156  3.0510179839497433  -2.0532268630469024  0.38407372594282363  -0.0536028874910201  -0.06872338605987913  0.1281832894069555  -0.16192722222676947  0.18309949320162494  -0.19735496258023372  0.20747038183713298  -0.21494665673916888  0.22065678297379265  -0.225139069916692  0.22874202457806872  -0.23170136544471392  0.2341839572614988  -0.2363156048931895  0.23820414868283554  -0.23998230322552214
0.23043848837387693  -2.0532268630469024  3.989806111301775  -2.5566163955554884  0.49836919757166265  -0.10021481111349989  -0.04455296679849266  0.11390536982432503  -0.15278719931681903  0.1769312063242326  -0.193042589035679  0.2043865341666673  -0.2127149294055463  0.21904016985375266  -0.22398323340607815  0.22794488996990153  -0.23119674665553006  0.23393436308949617  -0.2363156048931895  0.23851773031816823
0.00961974936353277  0.38407372594282363  -2.5566163955554884  4.715311632608556  -2.9496392305412753  0.5872489162732419  -0.13611518360771202  -0.026189164555211947  0.10324522051433463  -0.14611028864882977  0.17254697931658164  -0.19008354972301783  0.20236754656302158  -0.21134725894743606  0.21814443362611646  -0.2234456431349498  0.2276947630477203  -0.23119674665553006  0.2341839572614988  -0.23689488534564335
-0.101920097607658  -0.0536028874910201  0.49836919757166265  -2.9496392305412753  5.287093461412425  -3.259059249441581  0.6565660408586099  -0.16370439070728465  -0.012355399869778155  0.09542176332286956  -0.1413757399645275  0.1695795563621162  -0.18820898160646696  0.20121199555029368  -0.2106913870837589  0.21785574370203525  -0.2234456431349498  0.22794488996990153  -0.23170136544471392  0.2350415101675155
0.14809020434415657  -0.06872338605987913  -0.10021481111349989  0.5872489162732419  -3.259059249441581  5.7358487083169125  -3.4994407484051098  0.70947900362875  -0.18425261655468372  -0.0023910344593065236  0.09004027532474515  -0.13832734194240437  0.1678541629180268  -0.1872967466655916  0.20083489961147158  -0.2106913870837589  0.21814443362611646  -0.22398323340607815  0.22874202457806872  -0.23287879876343692
-0.1748955277009899  0.1281832894069555  -0.04455296679849266  -0.13611518360771202  0.6565660408586099  -3.4994407484051098  6.079581103924737  -3.6795602484932326  0.7478754242291578  -0.19850344201564557  0.0040796562341636755  0.08688469748706998  -0.1368321712623855  0.16728738011624628  -0.1872967466655916  0.20121199555029368  -0.21134725894743606  0.21904016985375266  -0.225139069916692  0.23030726228824802
0.1920315743977043  -0.16192722222676947  0.11390536982432503  -0.026189164555211947  -0.16370439070728465  0.70947900362875  -3.6795602484932326  6.329509315765926  -3.804919341859252  0.7729154511709124  -0.2068975560783295  0.007267208107360867  0.08584427090079691  -0.1368321712623855  0.1678541629180268  -0.18820898160646696  0.20236754656302158  -0.2127149294055463  0.22065678297379265  -0.22719239187922
-0.20375202128307296  0.18309949320162494  -0.15278719931681903  0.10324522051433463  -0.012355399869778155  -0.18425261655468372  0.7478754242291578  -3.804919341859252  6.492688749950892  -3.8789059360899296  0.7852779049506429  -0.20967078353562185  0.007267208107360867  0.08688469748706998  -0.13832734194240437  0.1695795563621162  -0.19008354972301783  0.2043865341666673  -0.21494665673916888  0.22334404481878736
0.2121808140814616  -0.19735496258023372  0.1769312063242326  -0.14611028864882977  0.09542176332286956  -0.0023910344593065236  -0.19850344201564557  0.7729154511709124  -3.8789059360899296  6.573301322808402  -3.90337150645104  0.7852779049506429  -0.2068975560783295  0.0040796562341636755  0.09004027532474515  -0.1413757399645275  0.17254697931658164  -0.193042589035679  0.20747038183713298  -0.21848277247825842
-0.21848277247825842  0.20747038183713298  -0.193042589035679  0.17254697931658164  -0.1413757399645275  0.09004027532474515  0.0040796562341636755  -0.2068975560783295  0.7852779049506429  -3.90337150645104  6.573301322808402  -3.8789059360899296  0.7729154511709124  -0.19850344201564557  -0.0023910344593065236  0.09542176332286956  -0.14611028864882977  0.1769312063242326  -0.19735496258023372  0.2121808140814616
0.22334404481878736  -0.21494665673916888  0.2043865341666673  -0.19008354972301783  0.1695795563621162  -0.13832734194240437  0.08688469748706998  0.007267208107360867  -0.20967078353562185  0.7852779049506429  -3.8789059360899296  6.492688749950892  -3.804919341859252  0.7478754242291578  -0.18425261655468372  -0.012355399869778155  0.10324522051433463  -0.15278719931681903  0.18309949320162494  -0.20375202128307296
-0.22719239187922  0.22065678297379265  -0.2127149294055463  0.20236754656302158  -0.18820898160646696  0.1678541629180268  -0.1368321712623855  0.08584427090079691  0.007267208107360867  -0.2068975560783295  0.7729154511709124  -3.804919341859252  6.329509315765926  -3.6795602484932326  0.70947900362875  -0.16370439070728465  -0.026189164555211947  0.11390536982432503  -0.16192722222676947  0.1920315743977043
0.23030726228824802  -0.225139069916692  0.21904016985375266  -0.21134725894743606  0.20121199555029368  -0.1872967466655916  0.16728738011624628  -0.1368321712623855  0.08688469748706998  0.0040796562341636755  -0.19850344201564557  0.7478754242291578  -3.6795602484932326  6.079581103924737  -3.4994407484051098  0.6565660408586099  -0.13611518360771202  -0.04455296679849266  0.1281832894069555  -0.1748955277009899
-0.23287879876343692  0.22874202457806872  -0.22398323340607815  0.21814443362611646  -0.2106913870837589  0.20083489961147158  -0.1872967466655916  0.1678541629180268  -0.13832734194240437  0.09004027532474515  -0.0023910344593065236  -0.18425261655468372  0.70947900362875  -3.4994407484051098  5.7358487083169125  -3.259059249441581  0.5872489162732419  -0.10021481111349989  -0.06872338605987913  0.14809020434415657
0.2350415101675155  -0.23170136544471392  0.22794488996990153  -0.2234456431349498  0.21785574370203525  -0.2106913870837589  0.20121199555029368  -0.18820898160646696  0.1695795563621162  -0.1413757399645275  0.09542176332286956  -0.012355399869778155  -0.16370439070728465  0.6565660408586099  -3.259059249441581  5.287093461412425  -2.9496392305412753  0.49836919757166265  -0.0536028874910201  -0.101920097607658
-0.23689488534564335  0.2341839572614988  -0.23119674665553006  0.2276947630477203  -0.2234456431349498  0.21814443362611646  -0.21134725894743606  0.20236754656302158  -0.19008354972301783  0.17254697931658164  -0.14611028864882977  0.10324522051433463  -0.026189164555211947  -0.13611518360771202  0.5872489162732419  -2.9496392305412753  4.715311632608556  -2.5566163955554884  0.38407372594282363  0.00961974936353277
0.23851773031816823  -0.2363156048931895  0.23393436308949617  -0.23119674665553006  0.22794488996990153  -0.22398323340607815  0.21904016985375266  -0.2127149294055463  0.2043865341666673  -0.193042589035679  0.1769312063242326  -0.15278719931681903  0.11390536982432503  -0.04455296679849266  -0.10021481111349989  0.49836919757166265  -2.5566163955554884  3.989806111301775  -2.0532268630469024  0.23043848837387693
-0.23998230322552214  0.23820414868283554  -0.2363156048931895  0.2341839572614988  -0.23170136544471392  0.22874202457806872  -0.225139069916692  0.22065678297379265  -0.21494665673916888  0.20747038183713298  -0.19735496258023372  0.18309949320162494  -0.16192722222676947  0.1281832894069555  -0.06872338605987913  -0.0536028874910201  0.38407372594282363  -2.0532268630469024  3.0510179839497433  -1.3777631404468156
0.24138672083605828  -0.23998230322552214  0.23851773031816823  -0.23689488534564335  0.2350415101675155  -0.23287879876343692  0.23030726228824802  -0.22719239187922  0.22334404481878736  -0.21848277247825842  0.2121808140814616  -0.20375202128307296  0.1920315743977043  -0.1748955277009899  0.14809020434415657  -0.101920097607658  0.00961974936353277  0.23043848837387693  -1.3777631404468156  1.745841609960629

2021-03-27 13:33:20

hamiltonianDVR
16.25831678007874  -1.3777631404468156  0.23043848837387693  0.00961974936353277  -0.101920097607658  0.14809020434415657  -0.1748955277009899  0.1920315743977043  -0.20375202128307296  0.2121808140814616  -0.21848277247825842  0.22334404481878736  -0.22719239187922  0.23030726228824802  -0.23287879876343692  0.2350415101675155  -0.23689488534564335  0.23851773031816823  -0.23998230322552214  0.24138672083605828
-1.3777631404468156  13.647964032100512  -2.0532268630469024  0.38407372594282363  -0.0536028874910201  -0.06872338605987913  0.1281832894069555  -0.16192722222676947  0.18309949320162494  -0.19735496258023372  0.20747038183713298  -0.21494665673916888  0.22065678297379265  -0.225139069916692  0.22874202457806872  -0.23170136544471392  0.2341839572614988  -0.2363156048931895  0.23820414868283554  -0.23998230322552214
0.23043848837387693  -2.0532268630469024  11.770387777396449  -2.5566163955554884  0.49836919757166265  -0.10021481111349989  -0.04455296679849266  0.11390536982432503  -0.15278719931681903  0.1769312063242326  -0.193042589035679  0.2043865341666673  -0.2127149294055463  0.21904016985375266  -0.22398323340607815  0.22794488996990153  -0.23119674665553006  0.23393436308949617  -0.2363156048931895  0.23851773031816823
0.00961974936353277  0.38407372594282363  -2.5566163955554884  10.319376734782887  -2.9496392305412753  0.5872489162732419  -0.13611518360771202  -0.026189164555211947  0.10324522051433463  -0.14611028864882977  0.17254697931658164  -0.19008354972301783  0.20236754656302158  -0.21134725894743606  0.21814443362611646  -0.2234456431349498  0.2276947630477203  -0.23119674665553006  0.2341839572614988  -0.23689488534564335
-0.101920097607658  -0.0536028874910201  0.49836919757166265  -2.9496392305412753  9.175813077175148  -3.259059249441581  0.6565660408586099  -0.16370439070728465  -0.012355399869778155  0.09542176332286956  -0.1413757399645275  0.1695795563621162  -0.18820898160646696  0.20121199555029368  -0.2106913870837589  0.21785574370203525  -0.2234456431349498  0.22794488996990153  -0.23170136544471392  0.2350415101675155
0.14809020434415657  -0.06872338605987913  -0.10021481111349989  0.5872489162732419  -3.259059249441581  8.278302583366173  -3.4994407484051098  0.70947900362875  -0.18425261655468372  -0.0023910344593065236  0.09004027532474515  -0.13832734194240437  0.1678541629180268  -0.1872967466655916  0.20083489961147158  -0.2106913870837589  0.21814443362611646  -0.22398323340607815  0.22874202457806872  -0.23287879876343692
-0.1748955277009899  0.1281832894069555  -0.04455296679849266  -0.13611518360771202  0.6565660408586099  -3.4994407484051098  7.590837792150524  -3.6795602484932326  0.7478754242291578  -0.19850344201564557  0.0040796562341636755  0.08688469748706998  -0.1368321712623855  0.16728738011624628  -0.1872967466655916  0.20121199555029368  -0.21134725894743606  0.21904016985375266  -0.225139069916692  0.23030726228824802
0.1920315743977043  -0.16192722222676947  0.11390536982432503  -0.026189164555211947  -0.16370439070728465  0.70947900362875  -3.6795602484932326  7.090981368468148  -3.804919341859252  0.7729154511709124  -0.2068975560783295  0.007267208107360867  0.08584427090079691  -0.1368321712623855  0.1678541629180268  -0.18820898160646696  0.20236754656302158  -0.2127149294055463  0.22065678297379265  -0.22719239187922
-0.20375202128307296  0.18309949320162494  -0.15278719931681903  0.10324522051433463  -0.012355399869778155  -0.18425261655468372  0.7478754242291578  -3.804919341859252  6.7646225000982145  -3.8789059360899296  0.7852779049506429  -0.20967078353562185  0.007267208107360867  0.08688469748706998  -0.13832734194240437  0.1695795563621162  -0.19008354972301783  0.2043865341666673  -0.21494665673916888  0.22334404481878736
0.2121808140814616  -0.19735496258023372  0.1769312063242326  -0.14611028864882977  0.09542176332286956  -0.0023910344593065236  -0.19850344201564557  0.7729154511709124  -3.8789059360899296  6.603397354383196  -3.90337150645104  0.7852779049506429  -0.2068975560783295  0.0040796562341636755  0.09004027532474515  -0.1413757399645275  0.17254697931658164  -0.193042589035679  0.20747038183713298  -0.21848277247825842
-0.21848277247825842  0.20747038183713298  -0.193042589035679  0.17254697931658164  -0.1413757399645275  0.09004027532474515  0.0040796562341636755  -0.2068975560783295  0.7852779049506429  -3.90337150645104  6.603397354383196  -3.8789059360899296  0.7729154511709124  -0.19850344201564557  -0.0023910344593065236  0.09542176332286956  -0.14611028864882977  0.1769312063242326  -0.19735496258023372  0.2121808140814616
0.22334404481878736  -0.21494665673916888  0.2043865341666673  -0.19008354972301783  0.1695795563621162  -0.13832734194240437  0.08688469748706998  0.007267208107360867  -0.20967078353562185  0.7852779049506429  -3.8789059360899296  6.7646225000982145  -3.804919341859252  0.7478754242291578  -0.18425261655468372  -0.012355399869778155  0.10324522051433463  -0.15278719931681903  0.18309949320162494  -0.20375202128307296
-0.22719239187922  0.22065678297379265  -0.2127149294055463  0.20236754656302158  -0.18820898160646696  0.1678541629180268  -0.1368321712623855  0.08584427090079691  0.007267208107360867  -0.2068975560783295  0.7729154511709124  -3.804919341859252  7.090981368468148  -3.6795602484932326  0.70947900362875  -0.16370439070728465  -0.026189164555211947  0.11390536982432503  -0.16192722222676947  0.1920315743977043
0.23030726228824802  -0.225139069916692  0.21904016985375266  -0.21134725894743606  0.20121199555029368  -0.1872967466655916  0.16728738011624628  -0.1368321712623855  0.08688469748706998  0.0040796562341636755  -0.19850344201564557  0.7478754242291578  -3.6795602484932326  7.590837792150524  -3.4994407484051098  0.6565660408586099  -0.13611518360771202  -0.04455296679849266  0.1281832894069555  -0.1748955277009899
-0.23287879876343692  0.22874202457806872  -0.22398323340607815  0.21814443362611646  -0.2106913870837589  0.20083489961147158  -0.1872967466655916  0.1678541629180268  -0.13832734194240437  0.09004027532474515  -0.0023910344593065236  -0.18425261655468372  0.70947900362875  -3.4994407484051098  8.278302583366173  -3.259059249441581  0.5872489162732419  -0.10021481111349989  -0.06872338605987913  0.14809020434415657
0.2350415101675155  -0.23170136544471392  0.22794488996990153  -0.2234456431349498  0.21785574370203525  -0.2106913870837589  0.20121199555029368  -0.18820898160646696  0.1695795563621162  -0.1413757399645275  0.09542176332286956  -0.012355399869778155  -0.16370439070728465  0.6565660408586099  -3.259059249441581  9.175813077175148  -2.9496392305412753  0.49836919757166265  -0.0536028874910201  -0.101920097607658
-0.23689488534564335  0.2341839572614988  -0.23119674665553006  0.2276947630477203  -0.2234456431349498  0.21814443362611646  -0.21134725894743606  0.20236754656302158  -0.19008354972301783  0.17254697931658164  -0.14611028864882977  0.10324522051433463  -0.026189164555211947  -0.13611518360771202  0.5872489162732419  -2.9496392305412753  10.319376734782887  -2.5566163955554884  0.38407372594282363  0.00961974936353277
0.23851773031816823  -0.2363156048931895  0.23393436308949617  -0.23119674665553006  0.22794488996990153  -0.22398323340607815  0.21904016985375266  -0.2127149294055463  0.2043865341666673  -0.193042589035679  0.1769312063242326  -0.15278719931681903  0.11390536982432503  -0.04455296679849266  -0.10021481111349989  0.49836919757166265  -2.5566163955554884  11.770387777396449  -2.0532268630469024  0.23043848837387693
-0.23998230322552214  0.23820414868283554  -0.2363156048931895  0.2341839572614988  -0.23170136544471392  0.22874202457806872  -0.225139069916692  0.22065678297379265  -0.21494665673916888  0.20747038183713298  -0.19735496258023372  0.18309949320162494  -0.16192722222676947  0.1281832894069555  -0.06872338605987913  -0.0536028874910201  0.38407372594282363  -2.0532268630469024  13.647964032100512  -1.3777631404468156
0.24138672083605828  -0.23998230322552214  0.23851773031816823  -0.23689488534564335  0.2350415101675155  -0.23287879876343692  0.23030726228824802  -0.22719239187922  0.22334404481878736  -0.21848277247825842  0.2121808140814616  -0.20375202128307296  0.1920315743977043  -0.1748955277009899  0.14809020434415657  -0.101920097607658  0.00961974936353277  0.23043848837387693  -1.3777631404468156  16.25831678007874

eigenvalues
(0.5000000000000002+0j)   (1.4999999999999978+0j)   (2.500000000000002+0j)   (3.5000000000000044+0j)   (4.499999999999999+0j)   (5.500000000000003+0j)   (6.499999999999997+0j)   (7.4999999999999885+0j)   (8.500000000000014+0j)   (9.500000000000004+0j)   (10.500000000000009+0j)   (11.50000000000001+0j)   (12.499999999999995+0j)   (13.499999999999991+0j)   (14.499999999999996+0j)   (14.5+0j)   (15.500000000000016+0j)   (16.499999999999993+0j)   (17.499999999999993+0j)   (18.499999999999982+0j)

2021-03-27 13:33:20

eigenvectors
3.7413181993938575e-07  2.850528495578312e-06  1.5092616651201482e-05  6.40628567825862e-05  -0.0002309784183435294  0.0007297229262665786  0.002058923074616599  -0.005253549707409744  -0.012225753143964242  -0.026096441389604392  0.05127721588874508  -0.09291355603998533  0.15526265335329373  -0.2388238655548274  0.4111048289708273  -0.027016967432741006  0.43163375517519365  -0.49615459188167704  0.49809320582597716  -0.4123136163325184
1.8772293603478172e-05  0.00012221870996276257  0.0005493821139559774  0.001965276313766953  -0.0059217754450409795  0.01548418949933246  0.0357501882010696  -0.07363748030458137  -0.13606054891339994  -0.2258520746073355  0.33591251663932015  -0.44406040704360994  0.5129755799817433  -0.49964714156705325  0.15431706799193878  0.4223542454140214  0.14782237175203794  0.12257136738911917  -0.3369550894916305  0.39796011943791565
0.00031379704409826843  0.001750591747084844  0.006683783355026989  0.020098354407295974  -0.05027340865444526  0.10745000123795004  0.19882538141763748  -0.3197568839817677  -0.44469861449048853  -0.5254827912022264  0.5051534265186628  -0.34866667323677697  0.07786028036946281  0.2145177142904058  -0.16075389344022437  -0.4471706422619076  -0.3615362113832557  0.12189797636410027  0.18580845217032194  -0.36278703953335245
0.002766291750175416  0.013097233284905127  0.04189156861766427  0.10381725126320805  -0.20948644736410318  0.3507031668044923  0.4866347100183935  -0.5461464948197989  -0.45900442922117063  -0.20948608093388552  -0.1218060020418914  0.37361886128908667  -0.39402541621642523  0.15844780347688847  -0.02239881647215896  0.3450049866261314  0.3721372817940527  -0.26697153600477536  -0.05446153857694651  0.32022613417998225
0.015376697157111168  0.06064519154859192  0.1582547107732012  0.31083739440193986  -0.47591366764417364  0.5613931198638789  0.46946137526853876  -0.18006743327908645  0.18805433121748466  0.4169959183471494  -0.34166996379708536  0.008707136553210334  0.31721078993866936  -0.3553496557684268  0.230241163760739  -0.2232540631615361  -0.27314643508459857  0.3360238778075245  -0.05643354400868211  -0.2740957746925124
0.059093381668645695  0.18844966970155663  0.3831637749781785  0.5516044175380055  -0.5477077672614584  0.28775482513800726  -0.12535565801248394  0.4175046757920941  0.35347161388685966  -0.017885111934160355  0.35336894754360104  -0.3227199900995454  -0.0412324456405425  0.3465283457522662  -0.38657855191197316  0.1314792912967956  0.1243059676483892  -0.34660014986540466  0.14748328031391122  0.22597781248498702
0.16572273472858515  0.4074564574211453  0.5911947477487264  0.506520109808992  -0.11069161102287181  -0.3313346423226429  -0.4336227159615475  0.09620389635635179  -0.3219898586285886  -0.35459015284574136  -0.029773372335333625  0.36015989191063724  -0.22711946792395937  -0.19115526016567785  0.4618363019415905  -0.08909367836159732  0.03400244531539273  0.3126285623458906  -0.21941185442684585  -0.17666842353008633
0.35075948288069253  0.6121620477476799  0.5074302141826834  0.011468111339928698  0.4294401108345796  -0.3454346796861195  0.1459031751023384  -0.4160541565395441  -0.12024134623204623  0.3223093247857604  -0.2919520748860284  -0.15368123714662965  0.35694889871268526  -0.025127000119616518  -0.45357147425677347  0.09803460669008718  -0.1739912674066309  -0.24577981229712126  0.27283114494059224  0.12662356810801773
0.5722861090095221  0.5968631355759084  0.03550349356496334  -0.46595846623284376  0.27373153489676133  0.28909224041000064  0.3729714442841614  0.12062344756872986  0.39336115170465114  0.023026517528755796  0.3655808186358494  -0.1369154140380638  -0.30879553505047497  0.2208665785278536  0.37585902936225907  -0.14961815992736063  0.276928852888109  0.15629936602664984  -0.30819659347931  -0.07613338377664268
0.7288564329575999  0.2528870578944598  -0.45333583635179964  -0.2972935846381462  -0.34102524172668974  0.31882335957093044  -0.2661514898168349  0.3300762141538974  -0.20847135588161536  -0.3353095352051633  -0.16098323174250959  0.3365461378001971  0.12042127412919795  -0.33493127489624636  -0.2527187559848929  0.2287621722916537  -0.331187587176636  -0.053556534015183364  0.3258059987696983  0.02540310408058329
0.7288564329576005  -0.2528870578944554  -0.45333583635180125  0.29729358463814387  -0.34102524170.0006142193740878588  -0.00035247787284958446  0.004380957031204892  0.0032129534426231085  0.04753847114079983  0.0510410365423099  0.9887947499126246  -0.988488906723722  -0.03191824658914755  -0.0354652065409301  -0.002220069286789403  0.00397346987962445  -0.0001524260675146863  0.0009056032463615058  -0.00041943590750402235  -0.0002897792552286371  -0.000390455291002134  -0.00010936348038756805  0.0003124731146711438  -4.319871698917716e-05
-0.0018917824827269071  0.002096738354597548  -0.07762472675564283  -0.08175488006902383  0.9955909714152054  0.9957450512238323  -0.04747879061070978  0.050861136916141636  0.0037026320834854776  0.005684685525668864  -1.0051107262177018e-05  -0.001244643373913029  0.0004723961604593314  -0.00038938454272674364  0.00047261853316052247  0.00014753755961878644  0.0003948873031840072  6.171110114305935e-05  -0.00030870861476914606  2.6158542157852916e-05
0.10969293237024778  -0.21363700486861956  -0.9972054780660241  -0.9800131470304808  -0.07969320879817417  -0.07709761953684302  0.006928190238017521  -0.008271272546857712  -0.00037382702663612795  -0.0016446816703782137  0.0004963394193620944  0.0004801439958226912  -0.0005626257219881023  0.00017468570850357482  -0.00048731017808975276  -7.233153511645569e-05  -0.00039397776833877997  -3.2048263284736354e-05  0.00030559467501018524  -1.4157847835341155e-05
1.0031871901693197  -0.9861920926392084  0.10953576298218592  0.21338276720605542  0.01950459487440226  0.010359261006546853  -0.0019934254053877924  0.001628692456701963  -0.0003078723999918237  0.0004025194070670667  -0.0006249171594743218  -0.00013144106496036352  0.0005886703533323951  -5.09309997470889e-05  0.0004908749208423009  2.1926406694303973e-05  0.0003927575003312059  9.972273748340826e-06  -0.00030391715671519465  4.49076710088719e-06
1.0031871901693152  0.986192092639194  0.10953576298219449  -0.2133827672060448  -0.019504594874400663  0.010359261006547651  0.0019934254053868322  0.0016286924567032047  0.00030787239999107444  0.00040251940706666683  0.0006249171594747671  -0.00013144106495970425  -0.0005886703533321446  -5.0930999745715394e-05  -0.0004908749208421653  2.1926406693930052e-05  -0.00039275750033164247  9.972273746403741e-06  0.0003039171567152114  4.490767100795312e-06
0.10969293237024619  0.21363700486862197  -0.9972054780660449  0.9800131470303897  0.07969320879816778  -0.0770976195368425  -0.006928190238014505  -0.008271272546859743  0.00037382702663717437  -0.0016446816703774467  -0.0004963394193628741  0.00048014399582214137  0.0005626257219885765  0.00017468570850182912  0.000487310178089953  -7.233153511613854e-05  0.00039397776833875633  -3.204826328246451e-05  -0.00030559467501025495  -1.4157847835252253e-05
-0.0018917824827292674  -0.0020967383545980067  -0.07762472675564525  0.08175488006901636  -0.9955909714151254  0.9957450512238356  0.04747879061068652  0.05086113691615985  -0.0037026320834893938  0.005684685525666849  1.0051107264115453e-05  -0.0012446433739130257  -0.0004723961604609822  -0.0003893845427246757  -0.0004726185331601956  0.0001475375596182162  -0.0003948873031844518  6.171110114078495e-05  0.0003087086147691124  2.6158542157780634e-05
0.0006142193740883298  0.0003524778728487482  0.004380957031204368  -0.003212953442622898  -0.04753847114079557  0.05104103654231034  -0.9887947499121813  -0.9884889067241178  0.03191824658917074  -0.035465206540908234  0.0022200692867835503  0.00397346987962806  0.00015242606751731733  0.0009056032463615128  0.00041943590750362716  -0.00028977925522789995  0.0003904552910026737  -0.00010936348038559238  -0.0003124731146711662  -4.31987169890474e-05
-0.00018301235533157333  0.0003985950811111203  -0.0010491211236079467  -0.00012152471290942095  0.002108766611300459  -0.0038815542168875923  -0.031655618833797854  -0.035318576609711716  -0.9759871778899947  0.9757783592193844  -0.022190902780180148  -0.025238505588479024  0.0013387530701814824  -0.0027810463071267074  -0.0002192056890920515  0.0006383800045103919  -0.00036421683573538313  0.00020117621225312397  0.0003144938816760583  7.084066676445808e-05
6.547753002393171e-05  -0.00047826469126388993  0.0003331291056549282  0.0005990020411478179  0.00021668763634132067  0.0009335155397631998  0.0014300033035670563  0.0030209070501541462  -0.021839639256839575  0.024930127344108006  0.9575839393918816  0.9574598587534392  -0.015279872253904392  0.01777759840470731  -0.0007412152556988666  -0.001894509413253368  0.0002516017591334973  -0.0004235108564167229  -0.00030691603857084683  -0.0001229977906184922
-2.639672336998375e-05  0.0004155820841367449  -0.00012545916053290543  -0.0005822074346441634  -0.0004877590808003495  -0.0003046691537848343  0.0002369081227939724  -0.0007235021903287788  0.000928962354748658  -0.002242240181409631  0.014902782388280753  0.017391069787473092  0.9321183394002607  -0.9320489432889202  0.009999281419354168  0.011985904852099293  0.00030944908664617705  0.0012020943513044245  0.0002591501329983876  0.00024393454217976532
1.1411302906291005e-05  -0.0003300447654624985  5.195931458084412e-05  0.00047524030224568707  0.0004430868654165995  0.00011590384116813512  -0.00039734708834391095  0.00023410178368880988  0.00024245180272227797  0.0005231728539531348  -0.0005331000917879739  -0.0015764966213481996  0.009626132143833167  -0.011566360822546824  -0.8963097109676678  -0.8962744774215139  -0.005805988699221531  -0.007317250237197065  -4.099673991784054e-06  -0.0006403438333988753
-5.027903433250311e-06  0.00024823773139168956  -2.223377375966652e-05  -0.00036029787098651195  -0.0003450408895724131  -4.6902205159401965e-05  0.0003380959527170515  -8.578383997074331e-05  -0.0003204475631566771  -0.00016096268641262502  -0.00023723336113705716  0.0003453150407960987  -0.00021693619321007195  0.0010057871766323402  -0.005460482362552483  -0.006894558385144668  0.8425289532470633  0.8425144491586279  -0.002457710244893182  0.003496610788480175
2.0507779168371636e-06  -0.00017051834491644567  8.873467804269075e-06  0.00024793921384365104  0.0002389713769860911  1.7975121734420185e-05  -0.000238912584467105  3.068944086942782e-05  0.00024195833093113313  5.1476696583625755e-05  0.0002406985919922047  -9.143822235257456e-05  -0.00021157401282801723  -0.00018652559143335766  -1.944068797712053e-05  0.0005102307100020613  0.002176272720882792  0.003100227677227643  0.7459363067294857  -0.7459330783128111
